Stream.of(
Block.box(1.5, 7, 5.30761, 14.5, 10, 10.69239),
Block.box(5.30761, 7, 1.5, 10.69239, 10, 14.5),
Block.box(5.30761, 7, 1.5, 10.69239, 10, 14.5),
Block.box(1.5, 7, 5.30761, 14.5, 10, 10.69239),
Block.box(1, 10, 5.10051, 15, 12.5, 10.89949),
Block.box(5.10051, 10, 1, 10.89949, 12.5, 15),
Block.box(5.10051, 10, 1, 10.89949, 12.5, 15),
Block.box(1, 10, 5.10051, 15, 12.5, 10.89949),
Block.box(2, 0, 5.51472, 14, 15, 10.48528),
Block.box(5.51472, 0, 2, 10.48528, 15, 14),
Block.box(5.51472, 0, 2, 10.48528, 15, 14),
Block.box(2, 0, 5.51472, 14, 15, 10.48528),
Block.box(0, 15, 0, 16, 16, 16)
).reduce((v1, v2) -> VoxelShapes.join(v1, v2, IBooleanFunction.OR)).get();